000000000000000000000000000000000000000000000000000000000000000000000000
000000000000000000000000000000000000000000000000000000000000000000000000
000000000000000000000000000000000000000000000000000000000000000000000000
000000000000000000000000000000000000000000000000000000000000000000000000
000000000000000000000000000000000000000000000000000000000000000000000000
000000000000000000000000000000000000000000000000000000000000000000000000
000000000000000000000000000000000000000000000000000000000000000000000000
000000000000000000000000000000000000000000000000000000000000000000000000
000000000000000000000000000000000000000000000000000000000000000000000000
000000000000000000000000000000000000000000000000000000000000000000000000
000000000000000000000000000000000000000000000000000000000000000000000000
000000000000000000000000000000000000000000000000000000000000000000000000
000000000000000000000000000000000000000000000000000000000000000000000000
000000000000000000000000000000000000000000000000000000000000000000000000
000000000000000000000000000000000000000000000000000000000000000000000000
000000000000000000000000000000000000000000000000000000000000000000000000
000000000000000000000000000000000000000000000000000000000000000000000000
000000000000000000000000000000000000000000000000000000000000000000000000
000000000000000000000000000000000000000000000000000000000000000000000000
000000000000000000000000000000000000000000000000000000000000000000000000
000000000000000000000000000000000000000000000000000000000000000000000000
000000000000000000000000000000000000000000000000000000000000000000000000
000000000000000000000000000000000000000000000000000000000000000000000000
000000000000000000000000000000000000000000000000000000000000000000000000
000000000000000000000000000000000000000000000000000000000000000000000000
000000000000000000000000000000000000000000000000000000000000000000000000
000000000000000000000000000000000000000000000000000000000000000000000000
000000000000000000000000000000000000000000000000000000000000000000000000
000000000000000000000000000000000000000000000000000000000000000000000000
000000000000000000000000000000000000000000000000000000000000000000000000
000000000000000000000000000000000000000000000000000000000000000000000000
000000000000000000000000000000000000000000000000000000000000000000000000
000000000000000000000000000000000000000000000000000000000000000000000000
000000000000000000000000000000000000000000000000000000000000000000000000
000000000000000000000000000000000000004040000000000000000000000000000000
000000000000000000000000000000000000040004000000000000000000000000000000
000000000000000000000000000000000000000000000000000000000000000000000000
00000000000000000000000000006-000022222222200000000000000000000000000000
0000000000000000000000000000--000011111111100000000000000000000000000000
000000000000000000000000002222200000000000000000000000000000000000000000
000000000000000000000000001111100000000000000000000000000000000000000000
0000000000000000000000000000000000000000000000000000000000b0000000000000
0000000000000000000000000000000000000000000000000000000000-0000000000000
000000000000000000004000000000000000000000000000000000000222220000000000
0000000000000a--00000000000000000000000000000000000000000111110000000000
0000000000000---000000c00000000000000000000000c0000000000111110000000000
0000000000000---00000000000000000000000000000000000000000111110000000000
00000000000000-0000222222200000000d0000000002222222555555111110000000000
000000222222222222211111110000004000400000001111111222222111113333333333
000000111111111111111111110000000000000000001111111111111111111111111111
000000111111111111111111110000000000000000001111111111111111111111111111
000000111111111111111111111111555511115555111111111111111111111111111111
000000111111111111111111111111111111111111111111111111111111111111111111
000000111111111111111111111111111111111111111111111111111111111111111111